Using device: cuda:1

scene0191_00的详细信息:
数据类型: 字典
字典大小: 2
字典键: ['objects', 'locs']

子键 'objects' 的值: ['wall', 'wall', 'door', 'table', 'board', 'board', 'window', 'backpack', 'trash can', 'chair', 'window', 'object', 'whiteboard', 'window', 'whiteboard', 'floor', 'shelf']
找到'table'的索引: [3]
'table'对应的位置信息:
tensor([[ 1.0610, -0.3603,  0.4325,  1.6986,  0.8621,  0.8731]],
       device='cuda:1')

子键 'locs' 的详细信息:tensor([[ 0.4843,  3.0964,  1.1317,  2.9031,  0.4073,  1.5365],
        [ 1.9221,  0.2821,  0.9044,  0.3380,  5.9967,  1.7973],
        [ 1.9491,  2.5492,  1.0719,  0.1746,  1.1071,  1.3984],
        [ 1.0610, -0.3603,  0.4325,  1.6986,  0.8621,  0.8731],
        [ 1.8779,  1.4446,  0.6964,  0.1810,  1.3372,  1.0040],
        [ 0.1698,  2.9925,  1.0072,  0.7949,  0.4539,  1.3176],
        [ 1.9896,  0.4923,  0.8999,  0.3169,  0.8710,  1.0059],
        [ 1.1553, -0.2838,  0.9101,  0.5141,  0.4913,  0.2214],
        [ 0.2111, -0.3626,  0.2123,  0.2265,  0.3294,  0.4584],
        [ 1.2761, -0.5555,  0.2638,  0.6453,  0.4383,  0.4702],
        [ 1.9756, -1.1988,  0.8657,  0.2644,  0.6797,  1.1207],
        [ 1.8489, -1.3361,  0.0752,  0.1166,  0.1187,  0.0509],
        [ 1.3893, -1.7899,  0.6864,  0.8835,  0.3986,  1.3962],
        [ 2.0321, -2.6150,  0.3549,  0.2220,  0.4936,  0.1530],
        [ 1.2083, -2.6693,  0.5254,  1.7060,  0.3711,  1.1552],
        [ 0.5395, -0.4110,  0.2262,  2.9660,  7.4137,  0.6083],
        [-1.0287, -0.3186,  0.9265,  0.6522,  6.6778,  1.9152]],
       device='cuda:1')
形状: torch.Size([17, 6])
数据类型: torch.float32
数值统计:
最小值: -2.669340133666992
最大值: 7.413653373718262
平均值: 0.8798198699951172
标准差: 1.4201771020889282
